16
0 42 18 1 29 6 42 5 19 18 15 10 41 44 40 31
42 0 35 20 9 46 46 3 46 50 42 24 43 49 27 28
18 35 0 25 13 32 43 4 48 36 12 42 15 30 24 7
1 20 25 0 15 28 28 43 27 45 4 30 49 24 38 24
29 9 13 15 0 12 37 33 22 4 19 29 47 35 39 37
6 46 32 28 12 0 42 22 39 12 48 17 6 5 19 22
42 46 43 28 37 42 0 17 20 23 45 36 41 7 33 46
5 3 4 43 33 22 17 0 13 34 13 41 30 41 30 25
19 46 48 27 22 39 20 13 0 24 8 43 21 17 42 23
18 50 36 45 4 12 23 34 24 0 38 39 1 27 34 21
15 42 12 4 19 48 45 13 8 38 0 7 7 32 16 30
10 24 42 30 29 17 36 41 43 39 7 0 2 9 40 28
41 43 15 49 47 6 41 30 21 1 7 2 0 45 9 24
44 49 30 24 35 5 7 41 17 27 32 9 45 0 5 48
40 27 24 38 39 19 33 30 42 34 16 40 9 5 0 13
31 28 7 24 37 22 46 25 23 21 30 28 24 48 13 0
