20 122
1 2
1 3
2 3
1 4
2 4
3 4
3 5
4 5
1 6
2 6
3 6
5 6
1 7
2 7
3 7
2 8
4 8
5 8
7 8
1 9
2 9
3 9
5 9
8 9
1 10
2 10
3 10
5 10
7 10
1 11
3 11
4 11
5 11
6 11
7 11
8 11
1 12
2 12
4 12
5 12
6 12
7 12
8 12
11 12
1 13
2 13
3 13
4 13
5 13
7 13
9 13
10 13
2 14
4 14
6 14
8 14
9 14
10 14
11 14
12 14
2 15
3 15
4 15
5 15
6 15
9 15
11 15
12 15
3 16
4 16
6 16
7 16
8 16
9 16
12 16
1 17
3 17
5 17
6 17
8 17
9 17
10 17
11 17
12 17
14 17
15 17
16 17
2 18
3 18
5 18
6 18
9 18
10 18
11 18
12 18
13 18
15 18
16 18
17 18
1 19
3 19
5 19
7 19
8 19
9 19
11 19
12 19
14 19
16 19
17 19
18 19
1 20
2 20
3 20
9 20
10 20
12 20
13 20
15 20
17 20
18 20
19 20
