347
328 5858
788 6759
845 9176
996 4589
495 8205
786 8341
307 5138
313 5137
860 6896
627 5465
239 5147
654 5140
574 7004
679 8827
792 6587
855 8696
452 7545
869 7439
846 8441
969 6005
376 6781
381 5593
994 9729
506 7148
310 6442
924 6102
278 7262
252 7270
371 7359
701 676
430 9379
555 7637
425 7747
825 6576
557 7045
496 9535
357 6373
846 8383
501 9713
212 7951
672 8855
638 1814
777 5188
938 7884
471 6969
493 9179
993 6037
408 7000
240 8892
323 8027
841 6737
418 7358
876 8344
263 8131
810 5041
986 5252
790 5731
408 6063
216 3117
587 5400
406 5704
806 7641
564 4033
586 7997
855 5778
568 5885
845 9046
649 5702
551 9619
808 5392
911 6906
213 7691
495 5965
498 7497
641 6766
755 9678
330 5176
905 5197
977 9976
626 8268
259 7725
412 6295
460 6374
599 7782
514 5907
945 9814
654 5182
955 9925
509 9680
566 7757
731 7839
680 2213
329 5654
733 9771
1000 7650
609 7393
360 8763
680 5047
701 8769
224 6722
287 5815
679 5048
495 6875
990 5144
948 8173
879 5652
750 2958
846 9335
755 9005
333 7007
596 9424
706 6532
417 9816
590 8542
618 6528
743 6520
374 6657
275 8221
576 9428
332 9339
934 6027
206 7612
810 5167
692 5519
509 7661
749 6613
560 8176
846 8874
868 6482
280 8045
759 9184
670 7382
918 9170
262 5438
678 7151
577 6399
451 5202
234 7831
738 8274
547 7175
966 7318
572 1892
285 7308
708 9699
615 892
656 2583
480 5716
407 8496
853 6484
206 1508
251 6538
833 9405
910 9300
835 9393
389 7111
565 6335
494 2684
723 8101
243 7647
445 6278
959 7394
741 8506
318 7488
663 6954
385 7512
658 6600
753 7087
422 6882
227 2519
720 9283
936 4280
231 8122
424 9437
522 8081
255 6185
223 5420
718 6665
315 6577
486 5054
393 5488
859 7434
916 7294
437 9205
887 1110
922 9987
898 8229
322 8188
964 8096
925 7269
745 7170
502 7641
622 7503
590 7897
278 9347
296 6768
215 5236
547 7502
200 5715
588 5668
269 9658
387 6456
232 9652
853 6549
723 5011
872 9012
651 7609
443 7157
840 9749
241 1571
242 7838
603 8041
487 5311
875 3821
486 5530
739 8985
610 7503
844 5401
746 9249
683 8791
278 7616
611 5962
867 7017
287 8400
922 9905
899 3468
586 6663
955 8428
961 6009
657 6903
676 6166
714 7404
813 8922
242 9720
600 9148
954 7616
570 6287
827 9641
792 6975
760 7240
266 5822
291 7495
860 7207
406 8026
596 3969
824 7781
578 9200
555 5549
563 6472
750 8628
502 9991
764 9644
759 9385
598 5492
524 7396
314 5574
911 6232
295 7016
526 4326
861 8407
920 6475
768 7627
282 6891
839 9442
796 7895
767 8204
416 5000
211 10
949 7700
951 8338
308 9398
304 8445
670 9108
382 8660
456 8020
359 6380
335 8549
210 3701
731 7168
254 8830
921 8843
596 9466
947 7481
432 9191
696 8556
984 8196
370 6970
959 9086
263 5687
652 9423
325 8785
680 8961
609 9927
956 6241
885 9063
629 8862
798 7125
332 9040
234 6442
635 5303
765 5503
996 9308
919 7574
786 7096
212 8187
332 8773
498 6876
781 7825
443 9982
430 9355
698 4643
336 6891
764 5685
787 5902
800 7101
498 7086
645 9632
586 6648
331 9582
850 6554
678 5731
557 6445
788 9683
772 8023
488 7761
214 6393
615 6225
879 9069
536 8295
900 7924
544 8357
791 7437
914 6358
213 6066
429 5428
302 7149
476 6917
707 9998
882 9857
279 5363
245 9363
511 9200
921 9353
379 9551
589 5106
243 9343
813 8388
826 6423
